0.01376443380837912 364
time	yokeele	theta	aspd	q	aoa	VVI	alt	
2788.155517578125	-0.03425467014312744	1.4696379899978638	52.63419723510742	0.01607273519039154	1.2087653875350952	-0.010066394694149494	10637.244140625	
2788.17822265625	-0.03408696502447128	1.4903563261032104	52.63225555419922	0.01581878960132599	1.210958480834961	-0.007067309692502022	10637.244140625	
2788.18994140625	-0.033905308693647385	1.5010576248168945	52.63121032714844	0.015693267807364464	1.2119418382644653	-0.00539465481415391	10637.2421875	
2788.201171875	-0.033933743834495544	1.5110541582107544	52.630210876464844	0.015576026402413845	1.2127704620361328	-0.003755647921934724	10637.2421875	
2788.214599609375	-0.03382880240678787	1.5229381322860718	52.62898635864258	0.01544098649173975	1.2136458158493042	-0.0016971579752862453	10637.2421875	
2788.2255859375	-0.03378811851143837	1.5326780080795288	52.62795639038086	0.015332801267504692	1.214281439781189	6.62475431454368e-05	10637.2421875	
2788.23828125	-0.03378644213080406	1.5436575412750244	52.626773834228516	0.015212325379252434	1.2149057388305664	0.0021545325871556997	10637.2421875	
2788.25048828125	-0.033708829432725906	1.5542192459106445	52.62559509277344	0.015100708231329918	1.2154226303100586	0.004255193285644054	10637.2421875	
2788.2626953125	-0.03372175246477127	1.5647715330123901	52.62439727783203	0.01499093882739544	1.2158585786819458	0.006450193002820015	10637.2421875	
2788.275634765625	-0.033744972199201584	1.5757492780685425	52.62311935424805	0.014878480695188046	1.216227650642395	0.008839447982609272	10637.244140625	
2788.287353515625	-0.03371288627386093	1.5857161283493042	52.621925354003906	0.014779792167246342	1.2164961099624634	0.011097783222794533	10637.244140625	
2788.30029296875	-0.03376774117350578	1.5967150926589966	52.620582580566406	0.014672061428427696	1.2167150974273682	0.013700319454073906	10637.24609375	
2788.31298828125	-0.03382568061351776	1.6073238849639893	52.61924743652344	0.014569604769349098	1.216854453086853	0.016314387321472168	10637.24609375	
2788.32666015625	-0.03382188826799393	1.618638038635254	52.617794036865234	0.014464063569903374	1.21692955493927	0.01922396756708622	10637.24609375	
2788.340576171875	-0.03386664390563965	1.6300617456436157	52.61628723144531	0.014360188506543636	1.2169318199157715	0.022286929190158844	10637.248046875	
2788.35205078125	-0.033928729593753815	1.639614462852478	52.61500930786133	0.014275130815804005	1.2168830633163452	0.02493688464164734	10637.248046875	
2788.36669921875	-0.034082792699337006	1.651453971862793	52.613380432128906	0.014168566092848778	1.216747760772705	0.0283616054803133	10637.248046875	
2788.379638671875	-0.03406579792499542	1.662018060684204	52.61188888549805	0.014078574255108833	1.2165735960006714	0.03152827173471451	10637.25	
2788.395263671875	-0.034233223646879196	1.6745439767837524	52.61008834838867	0.013971115462481976	1.2162903547286987	0.03544582054018974	10637.251953125	
2788.40625	-0.034297648817300797	1.6831907033920288	52.60881423950195	0.013899440877139568	1.2160608768463135	0.03822169452905655	10637.2529296875	
2788.41796875	-0.034306298941373825	1.6925193071365356	52.60741424560547	0.013825326226651669	1.215779423713684	0.041308656334877014	10637.2548828125	
2788.429931640625	-0.03449905663728714	1.7019809484481812	52.60597229003906	0.01374848559498787	1.2154532670974731	0.04453519731760025	10637.2568359375	
2788.440185546875	-0.03460293635725975	1.7099791765213013	52.60472869873047	0.013684268109500408	1.2151522636413574	0.047326717525720596	10637.2587890625	
2788.4501953125	-0.034639135003089905	1.7178200483322144	52.6035041809082	0.013623300939798355	1.214834213256836	0.05012931302189827	10637.2587890625	
2788.4609375	-0.03478674218058586	1.726219892501831	52.60215377807617	0.013557324185967445	1.2144662141799927	0.05321040004491806	10637.2607421875	
2788.473388671875	-0.03491758927702904	1.7358375787734985	52.600589752197266	0.01348192896693945	1.2140103578567505	0.05683910846710205	10637.2626953125	
2788.485595703125	-0.03500776365399361	1.7451937198638916	52.59904479980469	0.013410435989499092	1.2135367393493652	0.0604642778635025	10637.265625	
2788.4990234375	-0.03512424975633621	1.7554634809494019	52.59730911254883	0.013333209790289402	1.2129822969436646	0.06456484645605087	10637.267578125	
2788.512451171875	-0.03530628979206085	1.765678882598877	52.595558166503906	0.013256080448627472	1.2123967409133911	0.0687575489282608	10637.26953125	
2788.524658203125	-0.035461585968732834	1.775083303451538	52.593910217285156	0.013185511343181133	1.2118302583694458	0.07271388173103333	10637.2734375	
2788.546142578125	-0.035720352083444595	1.7911070585250854	52.59104919433594	0.013063675723969936	1.21080482006073	0.07966585457324982	10637.279296875	
2788.55810546875	-0.03575291857123375	1.8001208305358887	52.58940124511719	0.013000492006540298	1.210198998451233	0.0837157815694809	10637.28125	
2788.577880859375	-0.036092717200517654	1.8147642612457275	52.586669921875	0.012892307713627815	1.2091692686080933	0.0904671847820282	10637.287109375	
2788.590576171875	-0.03621261939406395	1.824021816253662	52.584903717041016	0.012826541438698769	1.2084873914718628	0.09488368779420853	10637.2890625	
2788.603515625	-0.03639337420463562	1.833539366722107	52.58306121826172	0.012758764438331127	1.2077648639678955	0.09952624887228012	10637.29296875	
2788.61572265625	-0.036668092012405396	1.8423926830291748	52.581321716308594	0.012692846357822418	1.2070724964141846	0.1039343848824501	10637.296875	
2788.62646484375	-0.03676539286971092	1.8503141403198242	52.579742431640625	0.01263559702783823	1.206439733505249	0.10794856399297714	10637.30078125	
2788.637939453125	-0.03706864267587662	1.8585020303726196	52.57808303833008	0.01257239654660225	1.2057652473449707	0.1121823787689209	10637.3046875	
2788.650390625	-0.03702380880713463	1.8673772811889648	52.57625961303711	0.012510031461715698	1.2050199508666992	0.11686552315950394	10637.310546875	
2788.66259765625	-0.03723664581775665	1.8761297464370728	52.574440002441406	0.012447620742022991	1.2042694091796875	0.12157299369573593	10637.314453125	
2788.674560546875	-0.03749784827232361	1.8846853971481323	52.57262420654297	0.012383999302983284	1.2035177946090698	0.1262662708759308	10637.318359375	
2788.68505859375	-0.037699561566114426	1.8920899629592896	52.571041107177734	0.01232811901718378	1.2028559446334839	0.130386084318161	10637.32421875	
2788.6953125	-0.03776176646351814	1.8993414640426636	52.5694694519043	0.012275575660169125	1.2021987438201904	0.13448366522789001	10637.328125	
2788.711181640625	-0.03797098994255066	1.9105324745178223	52.5670051574707	0.012193011119961739	1.2011500597000122	0.14098602533340454	10637.333984375	
2788.72705078125	-0.038279879838228226	1.9214017391204834	52.56456756591797	0.012110111303627491	1.2001042366027832	0.14744338393211365	10637.341796875	
2788.741455078125	-0.03832735866308212	1.9314873218536377	52.56227111816406	0.01203947514295578	1.1991238594055176	0.15355390310287476	10637.34765625	
2788.757568359375	-0.0387876071035862	1.9424906969070435	52.559722900390625	0.011953369714319706	1.198020339012146	0.16037911176681519	10637.35546875	
2788.773681640625	-0.038888558745384216	1.9534794092178345	52.55712890625	0.011872629635035992	1.1968994140625	0.1673443466424942	10637.36328125	
2788.789306640625	-0.03919297084212303	1.9641027450561523	52.554569244384766	0.011792376637458801	1.195796012878418	0.17421481013298035	10637.373046875	
2788.8056640625	-0.03946975618600845	1.9750139713287354	52.55189895629883	0.011708434671163559	1.1946383714675903	0.1814238280057907	10637.3818359375	
2788.821044921875	-0.03946975618600845	1.9853627681732178	52.54932403564453	0.011637823656201363	1.193535566329956	0.18838950991630554	10637.390625	
2788.83642578125	-0.03946975618600845	1.995580792427063	52.5467414855957	0.011576686054468155	1.1924501657485962	0.1953868418931961	10637.400390625	
2788.850830078125	-0.03946975618600845	2.005033254623413	52.54433059692383	0.011527502909302711	1.1914573907852173	0.20195581018924713	10637.41015625	
2788.8740234375	-0.03946975618600845	2.0203490257263184	52.54033660888672	0.0114600770175457	1.1898573637008667	0.21292634308338165	10637.4267578125	
2788.89111328125	-0.03946975618600845	2.031540870666504	52.53736877441406	0.011422100476920605	1.1887387037277222	0.22101972997188568	10637.439453125	
2788.906982421875	-0.03946975618600845	2.0418541431427	52.53460693359375	0.011394302360713482	1.1877440214157104	0.22857339680194855	10637.451171875	
2788.922607421875	-0.03946975618600845	2.052137851715088	52.53181076049805	0.011372818611562252	1.1867902278900146	0.23619872331619263	10637.462890625	
2788.93701171875	-0.03946975618600845	2.0615170001983643	52.529239654541016	0.011358331888914108	1.1859593391418457	0.24321672320365906	10637.474609375	
2788.949951171875	-0.03946975618600845	2.069888114929199	52.52692413330078	0.011349189095199108	1.185250997543335	0.24952740967273712	10637.484375	
2788.96240234375	-0.03946975618600845	2.0779473781585693	52.52468490600586	0.011343422345817089	1.184598445892334	0.25565269589424133	10637.494140625	
2788.974609375	-0.03946975618600845	2.0859835147857666	52.52241516113281	0.011340371333062649	1.1839789152145386	0.2618018686771393	10637.50390625	
2788.99658203125	-0.03946975618600845	2.1002845764160156	52.518367767333984	0.011340956203639507	1.1829556226730347	0.272832989692688	10637.521484375	
2789.0068359375	-0.03946975618600845	2.1069135665893555	52.51647186279297	0.011343544349074364	1.1825159788131714	0.2779872715473175	10637.53125	
2789.02685546875	-0.03946975618600845	2.1198911666870117	52.512733459472656	0.011352181434631348	1.1817200183868408	0.28814002871513367	10637.548828125	
2789.037353515625	-0.03946975618600845	2.126842737197876	52.510719299316406	0.011358492076396942	1.1813278198242188	0.29362455010414124	10637.560546875	
2789.057373046875	-0.03946975618600845	2.13976788520813	52.50693130493164	0.011372891254723072	1.180664300918579	0.30387404561042786	10637.580078125	
2789.077392578125	-0.03946975618600845	2.152829885482788	52.503074645996094	0.01139023993164301	1.180078387260437	0.3143062889575958	10637.59765625	
2789.087646484375	-0.03946975618600845	2.1595609188079834	52.50107955932617	0.011400054208934307	1.1798092126846313	0.3197189271450043	10637.607421875	
2789.09814453125	-0.03946975618600845	2.1664819717407227	52.49901580810547	0.011410616338253021	1.1795549392700195	0.32529860734939575	10637.619140625	
2789.117431640625	-0.03946975618600845	2.1790928840637207	52.4952278137207	0.01143069937825203	1.17914617061615	0.33561351895332336	10637.640625	
2789.13134765625	-0.03946975618600845	2.188157558441162	52.492488861083984	0.011445742100477219	1.1788989305496216	0.3430154323577881	10637.65625	
2789.141357421875	-0.03946975618600845	2.1948513984680176	52.49045944213867	0.011457020416855812	1.1787399053573608	0.3484760522842407	10637.66796875	
2789.153076171875	-0.03946975618600845	2.2024240493774414	52.48814392089844	0.011469858698546886	1.178583025932312	0.3546873927116394	10637.681640625	
2789.164794921875	-0.03946975618600845	2.2102460861206055	52.48573684692383	0.01148308627307415	1.1784460544586182	0.3611178398132324	10637.6953125	
2789.178955078125	-0.03946975618600845	2.2195537090301514	52.482872009277344	0.011498683132231236	1.1783150434494019	0.368812620639801	10637.7119140625	
2789.18896484375	-0.03946975618600845	2.2262160778045654	52.480812072753906	0.011509663425385952	1.1782418489456177	0.3743100166320801	10637.7236328125	
2789.19921875	-0.03946975618600845	2.232841968536377	52.47874450683594	0.011520389467477798	1.178185224533081	0.3797939419746399	10637.736328125	
2789.2109375	-0.03946975618600845	2.240579843521118	52.4763298034668	0.011532608419656754	1.1781392097473145	0.3862212002277374	10637.7509765625	
2789.231201171875	-0.03946975618600845	2.2539961338043213	52.47210693359375	0.011552798561751842	1.1781082153320312	0.397384375333786	10637.7763671875	
2789.242919921875	-0.03946975618600845	2.2618770599365234	52.4696044921875	0.011563984677195549	1.1781158447265625	0.40397384762763977	10637.7919921875	
2789.256103515625	-0.039625246077775955	2.2705934047698975	52.46684265136719	0.01157089602202177	1.1781394481658936	0.411289244890213	10637.80859375	
2789.2685546875	-0.039625246077775955	2.278801679611206	52.46421432495117	0.011576796881854534	1.1781784296035767	0.418195903301239	10637.826171875	
2789.27880859375	-0.039625246077775955	2.2856030464172363	52.4620246887207	0.011581314727663994	1.1782232522964478	0.4239138662815094	10637.83984375	
2789.288818359375	-0.039625246077775955	2.2922708988189697	52.45987319946289	0.011585403233766556	1.178276777267456	0.4295315742492676	10637.853515625	
2789.30029296875	-0.039625246077775955	2.2998692989349365	52.45741271972656	0.011589651927351952	1.1783488988876343	0.43596115708351135	10637.869140625	
2789.321533203125	-0.039625246077775955	2.3140528202056885	52.45277404785156	0.011596261523663998	1.1785144805908203	0.4479828476905823	10637.900390625	
2789.33349609375	-0.039625246077775955	2.3220386505126953	52.45014572143555	0.011599209159612656	1.1786233186721802	0.4547818601131439	10637.91796875	
2789.34423828125	-0.039625246077775955	2.32908034324646	52.447818756103516	0.011601307429373264	1.1787294149398804	0.46078431606292725	10637.93359375	
2789.3544921875	-0.039625246077775955	2.3359029293060303	52.445552825927734	0.01160289254039526	1.1788396835327148	0.46660447120666504	10637.9482421875	
2789.364501953125	-0.039625246077775955	2.3426620960235596	52.443294525146484	0.01160402037203312	1.1789556741714478	0.4723812937736511	10637.9638671875	
2789.378173828125	-0.039625246077775955	2.351783514022827	52.44022750854492	0.011604881845414639	1.1791223287582397	0.48022758960723877	10637.9853515625	
2789.38916015625	-0.039625246077775955	2.359102725982666	52.43775939941406	0.01160494890064001	1.1792643070220947	0.48651382327079773	10638.0029296875	
2789.40234375	-0.039625246077775955	2.3678667545318604	52.434791564941406	0.01160435751080513	1.1794424057006836	0.49407681822776794	10638.0234375	
2789.414306640625	-0.039625246077775955	2.375779390335083	52.43208694458008	0.011603152379393578	1.1796107292175293	0.5009064674377441	10638.04296875	
2789.424560546875	-0.042728595435619354	2.3825066089630127	52.42976760864258	0.011526999995112419	1.1796709299087524	0.5067475438117981	10638.05859375	
2789.436279296875	-0.054975345730781555	2.390044689178467	52.42707443237305	0.011099545285105705	1.1792601346969604	0.5135049819946289	10638.078125	
2789.447998046875	-0.05549577623605728	2.3972606658935547	52.42437744140625	0.01066522765904665	1.178579330444336	0.5202445387840271	10638.09765625	
2789.459716796875	-0.05489668995141983	2.4042415618896484	52.42165756225586	0.010263779200613499	1.177679419517517	0.527043879032135	10638.1181640625	
2789.47900390625	-0.05449867993593216	2.4151933193206787	52.417144775390625	0.009666950441896915	1.175817608833313	0.5382075309753418	10638.1533203125	
2789.4912109375	-0.053775545209646225	2.4217703342437744	52.41429138183594	0.009336047805845737	1.1744154691696167	0.5452870726585388	10638.1748046875	
2789.501220703125	-0.05345304310321808	2.427032232284546	52.41192626953125	0.00908691342920065	1.1731702089309692	0.5511074662208557	10638.1923828125	
2789.51123046875	-0.053245481103658676	2.4321680068969727	52.40955352783203	0.008854920975863934	1.1718416213989258	0.5569443702697754	10638.2119140625	
2789.5234375	-0.05307583510875702	2.438265800476074	52.40664291381836	0.00859157182276249	1.1701079607009888	0.5641151666641235	10638.2353515625	
2789.535888671875	-0.052956610918045044	2.4442062377929688	52.40370559692383	0.008348925970494747	1.1682807207107544	0.5713077783584595	10638.2587890625	
2789.546875	-0.05259926989674568	2.449383497238159	52.40108108520508	0.008156409487128258	1.1666001081466675	0.577730119228363	10638.2783203125	
2789.566650390625	-0.05264107137918472	2.458372116088867	52.39634704589844	0.007842600345611572	1.1634852886199951	0.5892370939254761	10638.3154296875	
2789.57666015625	-0.05247814953327179	2.4628443717956543	52.3939094543457	0.007701169233769178	1.161852478981018	0.5951326489448547	10638.3349609375	
2789.587890625	-0.05260283127427101	2.467771053314209	52.39116668701172	0.007550396956503391	1.1599856615066528	0.6017748117446899	10638.3583984375	
2789.599609375	-0.052649982273578644	2.4727563858032227	52.388336181640625	0.00740625336766243	1.1580406427383423	0.6086297035217285	10638.3818359375	
2789.60986328125	-0.05254174396395683	2.477034568786621	52.38585662841797	0.007293832488358021	1.1563444137573242	0.6145998239517212	10638.40234375	
2789.622314453125	-0.052532777190208435	2.482172966003418	52.3828125	0.007168442942202091	1.1542587280273438	0.62192702293396	10638.427734375	
2789.642333984375	-0.052738722413778305	2.4902877807617188	52.377891540527344	0.006985188461840153	1.1509205102920532	0.6337043642997742	10638.4697265625	
2789.6572265625	-0.05290309712290764	2.4961822032928467	52.37421798706055	0.006862614769488573	1.1484354734420776	0.6425166130065918	10638.5009765625	
2789.66943359375	-0.053126849234104156	2.5009677410125732	52.37118148803711	0.006768813822418451	1.1464152336120605	0.649750292301178	10638.5283203125	
2789.6904296875	-0.053285494446754456	2.5089235305786133	52.36601257324219	0.006624201312661171	1.1429911851882935	0.6621352434158325	10638.57421875	
2789.70263671875	-0.05350690335035324	2.5135061740875244	52.36298370361328	0.006549959536641836	1.1410549879074097	0.6692922711372375	10638.6005859375	
2789.714599609375	-0.053614240139722824	2.518008232116699	52.35996627807617	0.006483040284365416	1.1391606330871582	0.6764022707939148	10638.6279296875	
2789.725830078125	-0.05396594479680061	2.522144317626953	52.3571662902832	0.006420392543077469	1.1374274492263794	0.6829896569252014	10638.654296875	
2789.73779296875	-0.053987015038728714	2.5265588760375977	52.3541259765625	0.0063610016368329525	1.1355904340744019	0.6900954842567444	10638.6806640625	
2789.74951171875	-0.054342251271009445	2.5307657718658447	52.3511962890625	0.00630279490724206	1.1338485479354858	0.6969302296638489	10638.7080078125	
2789.760009765625	-0.054324910044670105	2.534576892852783	52.3485221862793	0.006257397122681141	1.1322945356369019	0.7031513452529907	10638.732421875	
2789.772216796875	-0.05470718443393707	2.5389482975006104	52.34541702270508	0.006201779004186392	1.130517601966858	0.7103601098060608	10638.7607421875	
2789.782958984375	-0.05488654971122742	2.542738914489746	52.34269714355469	0.0061559067107737064	1.128998041152954	0.7166390419006348	10638.78515625	
2789.795166015625	-0.054963842034339905	2.5469858646392822	52.33961868286133	0.006109321489930153	1.1273113489151	0.7237499952316284	10638.8125	
2789.817138671875	-0.055159639567136765	2.554675340652466	52.3339729309082	0.006034758873283863	1.124335527420044	0.7366973757743835	10638.8662109375	
2789.82763671875	-0.0557437539100647	2.5582613945007324	52.331302642822266	0.005994035396724939	1.1229673624038696	0.7427908182144165	10638.8916015625	
2789.839599609375	-0.055768758058547974	2.5623042583465576	52.3282585144043	0.005953390151262283	1.1214481592178345	0.7496994137763977	10638.919921875	
2789.849609375	-0.05594998225569725	2.565765142440796	52.32564163208008	0.005919906310737133	1.12017023563385	0.7556299567222595	10638.9453125	
2789.8603515625	-0.0564575232565403	2.569387197494507	52.322872161865234	0.005877004005014896	1.1188374757766724	0.7618854641914368	10638.9716796875	
2789.87109375	-0.05645996332168579	2.572995901107788	52.320098876953125	0.005839452613145113	1.117529034614563	0.7681435942649841	10638.998046875	
2789.893798828125	-0.056681327521800995	2.580533742904663	52.314208984375	0.005766201764345169	1.1148489713668823	0.7813374400138855	10639.0556640625	
2789.90673828125	-0.05712171271443367	2.584817886352539	52.310821533203125	0.005721130408346653	1.1133540868759155	0.7889001965522766	10639.08984375	
2789.9189453125	-0.05745264142751694	2.588778257369995	52.30765914916992	0.0056764837354421616	1.1119892597198486	0.7959230542182922	10639.12109375	
2789.930908203125	-0.057509638369083405	2.5926387310028076	52.30453872680664	0.005637445021420717	1.1106817722320557	0.802800714969635	10639.15234375	
2789.943115234375	-0.0577467605471611	2.596573829650879	52.30133056640625	0.005596898961812258	1.1093621253967285	0.8098631501197815	10639.185546875	
2789.955810546875	-0.05807036533951759	2.6006295680999756	52.29799270629883	0.005551788955926895	1.108018398284912	0.8171765804290771	10639.2197265625	
2789.968505859375	-0.058274924755096436	2.604656457901001	52.294647216796875	0.005507280584424734	1.1066997051239014	0.8244813680648804	10639.25390625	
2789.988525390625	-0.05851681903004646	2.6109399795532227	52.28936004638672	0.005439929664134979	1.1046854257583618	0.8359265923500061	10639.30859375	
2790.00048828125	-0.05884980782866478	2.6146597862243652	52.28618240356445	0.005397852044552565	1.1035070419311523	0.8427600264549255	10639.341796875	
2790.012451171875	-0.05907972902059555	2.6182987689971924	52.28304672241211	0.005355517379939556	1.102365493774414	0.8494804501533508	10639.3740234375	
2790.033935546875	-0.05912575125694275	2.624868154525757	52.277313232421875	0.005290403962135315	1.100353479385376	0.8616833090782166	10639.4345703125	
2790.04443359375	-0.05970050394535065	2.6280007362365723	52.27455520629883	0.005251351743936539	1.0994043350219727	0.8675297498703003	10639.46484375	
2790.056884765625	-0.05968019366264343	2.631753921508789	52.27119827270508	0.0052096848376095295	1.0982764959335327	0.8745969533920288	10639.5009765625	
2790.0771484375	-0.060147713869810104	2.637728214263916	52.26580810546875	0.00513348076492548	1.096502423286438	0.885877251625061	10639.5615234375	
2790.089111328125	-0.06031792238354683	2.6412646770477295	52.26254653930664	0.0050900401547551155	1.0954595804214478	0.8926363587379456	10639.5966796875	
2790.1005859375	-0.06072140485048294	2.644556760787964	52.25950241088867	0.0050435555167496204	1.0944905281066895	0.8989449143409729	10639.630859375	
2790.111083984375	-0.060627907514572144	2.6476006507873535	52.25665283203125	0.005006896331906319	1.0936064720153809	0.9048037528991699	10639.662109375	
2790.12646484375	-0.06100252643227577	2.6519718170166016	52.25251007080078	0.004946910310536623	1.0923271179199219	0.913320004940033	10639.7080078125	
2790.146240234375	-0.061205506324768066	2.6575303077697754	52.24715805053711	0.004873773083090782	1.0907318592071533	0.9241710305213928	10639.767578125	
2790.15966796875	-0.06148509308695793	2.6612539291381836	52.24351501464844	0.004822938237339258	1.0896632671356201	0.9315185546875	10639.80859375	
2790.172119140625	-0.06148509308695793	2.6646933555603027	52.240116119384766	0.00478132301941514	1.088690996170044	0.9383368492126465	10639.84765625	
2790.182373046875	-0.06148509308695793	2.667505979537964	52.237308502197266	0.004751265514642	1.0879101753234863	0.9439308643341064	10639.87890625	
2790.19482421875	-0.06148509308695793	2.6708498001098633	52.233951568603516	0.004719718359410763	1.0869990587234497	0.9506000280380249	10639.91796875	
2790.20654296875	-0.06148509308695793	2.674057722091675	52.2307014465332	0.004693782422691584	1.0861468315124512	0.9570046067237854	10639.9560546875	
2790.216796875	-0.06148509308695793	2.6768085956573486	52.2278938293457	0.004674805328249931	1.0854355096817017	0.9625062942504883	10639.9873046875	
2790.2294921875	-0.06148509308695793	2.680183172225952	52.224449157714844	0.004655205644667149	1.0845896005630493	0.9692533016204834	10640.02734375	
2790.23974609375	-0.06148509308695793	2.6828908920288086	52.22166061401367	0.0046425312757492065	1.0839358568191528	0.9746523499488831	10640.0595703125	
2790.26123046875	-0.06148509308695793	2.6886367797851562	52.21571731567383	0.004623355343937874	1.0826191902160645	0.9861017465591431	10640.1279296875	
2790.2734375	-0.06148509308695793	2.6918649673461914	52.21236038208008	0.004616826772689819	1.0819263458251953	0.9925124645233154	10640.1669921875	
2790.294677734375	-0.06148509308695793	2.6974844932556152	52.206512451171875	0.004612157586961985	1.0808069705963135	1.0036067962646484	10640.2353515625	
2790.316162109375	-0.06148509308695793	2.703188896179199	52.20054244995117	0.004614789970219135	1.0797858238220215	1.0147838592529297	10640.306640625	
2790.326416015625	-0.06148509308695793	2.7058796882629395	52.19773483276367	0.0046182656660676	1.0793471336364746	1.020006537437439	10640.33984375	
2790.34765625	-0.06148509308695793	2.7114968299865723	52.19185256958008	0.004629330709576607	1.078513264656067	1.0308488607406616	10640.4111328125	
2790.359619140625	-0.06148509308695793	2.7147302627563477	52.188472747802734	0.004637649282813072	1.0780854225158691	1.037035346031189	10640.4521484375	
2790.379638671875	-0.06148509308695793	2.7200498580932617	52.18291091918945	0.004653973039239645	1.0774625539779663	1.0471113920211792	10640.5205078125	
2790.39990234375	-0.06148509308695793	2.725451707839966	52.177276611328125	0.004672996699810028	1.0769333839416504	1.0572047233581543	10640.5888671875	
2790.411376953125	-0.06148509308695793	2.728578567504883	52.174015045166016	0.00468484265729785	1.0766702890396118	1.0630123615264893	10640.6298828125	
2790.4228515625	-0.06148509308695793	2.7316536903381348	52.17081832885742	0.004696890711784363	1.0764437913894653	1.0686657428741455	10640.669921875	
2790.43359375	-0.06148509308695793	2.734562397003174	52.16779327392578	0.004708565305918455	1.0762581825256348	1.0739721059799194	10640.70703125	
2790.4560546875	-0.06148509308695793	2.7406020164489746	52.161537170410156	0.004733237437903881	1.0759516954421997	1.0848791599273682	10640.78515625	
2790.4677734375	-0.06148509308695793	2.743851900100708	52.15817642211914	0.004746520426124334	1.0758305788040161	1.0906789302825928	10640.828125	
2790.479736328125	-0.06148509308695793	2.7470808029174805	52.15483474731445	0.00475959712639451	1.0757391452789307	1.0963966846466064	10640.87109375	
2790.490478515625	-0.06148509308695793	2.750044345855713	52.151771545410156	0.004771425388753414	1.0756791830062866	1.101608395576477	10640.91015625	
2790.50048828125	-0.06148509308695793	2.7527904510498047	52.14894104003906	0.004782121628522873	1.0756440162658691	1.1063860654830933	10640.9453125	
2790.52197265625	-0.06148509308695793	2.758676767349243	52.142887115478516	0.004804116208106279	1.075629711151123	1.1165339946746826	10641.0244140625	
2790.533203125	-0.06148509308695793	2.761808156967163	52.13966369628906	0.004815178923308849	1.0756537914276123	1.1218770742416382	10641.06640625	
2790.54443359375	-0.06148509308695793	2.7649123668670654	52.136474609375	0.004825625102967024	1.0756975412368774	1.127129077911377	10641.107421875	
2790.5556640625	-0.06148509308695793	2.76798939704895	52.13331604003906	0.004835452418774366	1.0757606029510498	1.1323083639144897	10641.1484375	
2790.567138671875	-0.06148509308695793	2.771162509918213	52.130062103271484	0.004844953306019306	1.0758440494537354	1.13760244846344	10641.1904296875	
2790.578857421875	-0.06148509308695793	2.7744481563568115	52.12670135498047	0.004854092374444008	1.0759495496749878	1.1430408954620361	10641.2333984375	
2790.59912109375	-0.06148509308695793	2.780088186264038	52.12092590332031	0.004867996089160442	1.076172947883606	1.152277946472168	10641.30859375	
2790.611328125	-0.06148509308695793	2.783522605895996	52.11740493774414	0.004875348415225744	1.0763328075408936	1.157854676246643	10641.35546875	
2790.6298828125	-0.06148509308695793	2.788724184036255	52.1120719909668	0.0048849377781152725	1.0766042470932007	1.1662789583206177	10641.427734375	
2790.640380859375	-0.06148509308695793	2.791692018508911	52.109039306640625	0.0048893229104578495	1.076775312423706	1.1709922552108765	10641.46875	
2790.66064453125	-0.06148509308695793	2.7973692417144775	52.103214263916016	0.004895766731351614	1.0771313905715942	1.1799519062042236	10641.546875	
2790.679931640625	-0.06148509308695793	2.802765130996704	52.097679138183594	0.004899449180811644	1.077501893043518	1.1883736848831177	10641.62109375	
2790.698974609375	-0.06148509308695793	2.8081133365631104	52.0921745300293	0.0049007488414645195	1.0778950452804565	1.1966352462768555	10641.697265625	
2790.70947265625	-0.06148509308695793	2.811074733734131	52.0891227722168	0.00490048062056303	1.0781223773956299	1.2011773586273193	10641.7392578125	
2790.728759765625	-0.06148509308695793	2.8164916038513184	52.083534240722656	0.0048981234431266785	1.0785549879074097	1.209420084953308	10641.814453125	
2790.739013671875	-0.06148509308695793	2.819378614425659	52.0805549621582	0.004895917605608702	1.0787930488586426	1.2137786149978638	10641.85546875	
2790.749267578125	-0.06148509308695793	2.8222694396972656	52.07755661010742	0.004893036093562841	1.0790367126464844	1.2181370258331299	10641.8974609375	
2790.7607421875	-0.06148509308695793	2.8254992961883545	52.0742073059082	0.004889066331088543	1.0793124437332153	1.2229745388031006	10641.9443359375	
2790.779541015625	-0.06148509308695793	2.830723762512207	52.06877136230469	0.004880875814706087	1.0797693729400635	1.2307432889938354	10642.0185546875	
2790.791748046875	-0.06170939654111862	2.8341825008392334	52.065162658691406	0.004867864307016134	1.0800689458847046	1.2358688116073608	10642.0693359375	
2790.812744140625	-0.06170939654111862	2.8400330543518066	52.05900573730469	0.00484406016767025	1.0805764198303223	1.2444902658462524	10642.154296875	
2790.83203125	-0.06170939654111862	2.8453621864318848	52.053367614746094	0.004820937290787697	1.0810374021530151	1.2522896528244019	10642.2333984375	
2790.843994140625	-0.06170939654111862	2.8486433029174805	52.04987335205078	0.004806066397577524	1.08132004737854	1.2570819854736328	10642.28125	
2790.865478515625	-0.06170939654111862	2.8545355796813965	52.04356002807617	0.004778152331709862	1.0818268060684204	1.2656480073928833	10642.37109375	
2790.87744140625	-0.06170939654111862	2.857802391052246	52.0400390625	0.004762081429362297	1.0821049213409424	1.2703773975372314	10642.4208984375	
2790.889404296875	-0.06170939654111862	2.861086368560791	52.0364875793457	0.0047455052845180035	1.0823832750320435	1.2751189470291138	10642.4716796875	
2790.900634765625	-0.06170939654111862	2.8641436100006104	52.03316116333008	0.004729703534394503	1.0826420783996582	1.2795183658599854	10642.51953125	
2790.91162109375	-0.06170939654111862	2.867149829864502	52.029876708984375	0.0047138044610619545	1.0828951597213745	1.283841609954834	10642.5654296875	
2790.93115234375	-0.07449962943792343	2.87216854095459	52.02414321899414	0.004320190288126469	1.0828567743301392	1.2912869453430176	10642.646484375	
2790.951904296875	-0.076117604970932	2.8767952919006348	52.017940521240234	0.003604339435696602	1.081874966621399	1.2992416620254517	10642.736328125	
2790.972900390625	-0.07518135756254196	2.8806591033935547	52.01169967651367	0.0029863091185688972	1.0802993774414062	1.3071452379226685	10642.8271484375	
2790.984375	-0.07426080107688904	2.8824779987335205	52.00828552246094	0.002695698058232665	1.0792433023452759	1.3114314079284668	10642.876953125	
2790.994384765625	-0.07386835664510727	2.883946180343628	52.005245208740234	0.002459927462041378	1.0782148838043213	1.3152194023132324	10642.921875	
2791.006591796875	-0.0737120509147644	2.8855228424072266	52.00162887573242	0.0021976700518280268	1.0768764019012451	1.3197145462036133	10642.974609375	
2791.018798828125	-0.0732441395521164	2.8869502544403076	51.99795150756836	0.00196091434918344	1.0754300355911255	1.3242467641830444	10643.0283203125	
2791.0302734375	-0.0730934888124466	2.8881311416625977	51.99457931518555	0.0017612468218430877	1.0740374326705933	1.3283816576004028	10643.0771484375	
2791.04150390625	-0.07271720468997955	2.8891775608062744	51.99121856689453	0.0015847526956349611	1.0726065635681152	1.332471251487732	10643.1259765625	
2791.052734375	-0.07267862558364868	2.890139102935791	51.98780822753906	0.0014183635357767344	1.071109414100647	1.336602807044983	10643.1767578125	
2791.064208984375	-0.0726608857512474	2.891000986099243	51.984371185302734	0.0012628311524167657	1.0695656538009644	1.3407381772994995	10643.2275390625	
2791.075927734375	-0.07244226336479187	2.891770124435425	51.98091125488281	0.0011232092510908842	1.067988395690918	1.3448854684829712	10643.279296875	
2791.08740234375	-0.07227789610624313	2.8924570083618164	51.97745895385742	0.0009997260058298707	1.066408634185791	1.3489844799041748	10643.3310546875	
2791.09814453125	-0.07233873009681702	2.893033504486084	51.97421646118164	0.0008914890931919217	1.064915657043457	1.3528172969818115	10643.3798828125	
2791.10986328125	-0.0723397508263588	2.8935787677764893	51.97071838378906	0.0007841840852051973	1.0632991790771484	1.356931447982788	10643.431640625	
2791.122314453125	-0.07225468754768372	2.8940868377685547	51.967018127441406	0.0006835952517576516	1.0615953207015991	1.3612595796585083	10643.486328125	
2791.135009765625	-0.07224206626415253	2.8945348262786865	51.963260650634766	0.0005927360034547746	1.0598835945129395	1.3656132221221924	10643.5419921875	
2791.145751953125	-0.07222767174243927	2.8948793411254883	51.959991455078125	0.000522477610502392	1.0584111213684082	1.3693783283233643	10643.5908203125	
2791.157958984375	-0.07246258854866028	2.89520263671875	51.95634460449219	0.0004458592738956213	1.0567817687988281	1.3735536336898804	10643.6455078125	
2791.170166015625	-0.072391077876091	2.895484685897827	51.95270919799805	0.0003800560371018946	1.0551798343658447	1.377699375152588	10643.701171875	
2791.18212890625	-0.07246094942092896	2.8957226276397705	51.949127197265625	0.00032170102349482477	1.0536339282989502	1.381748080253601	10643.7548828125	
2791.203369140625	-0.0725652277469635	2.896047592163086	51.94280242919922	0.00023249741934705526	1.0509848594665527	1.388818621635437	10643.8515625	
2791.214111328125	-0.07270605117082596	2.896178960800171	51.93958282470703	0.0001921709335874766	1.0496745109558105	1.392389178276062	10643.900390625	
2791.2265625	-0.07283304631710052	2.8963000774383545	51.93586730957031	0.0001484878157498315	1.048190712928772	1.396492600440979	10643.95703125	
2791.238525390625	-0.07294025272130966	2.8963847160339355	51.93223190307617	0.00010973709140671417	1.0467796325683594	1.400467038154602	10644.0126953125	
2791.2509765625	-0.0731588825583458	2.8964455127716064	51.928558349609375	7.081135845510289e-05	1.045384407043457	1.404463768005371	10644.0703125	
2791.262939453125	-0.07310356944799423	2.8964853286743164	51.924949645996094	4.042335785925388e-05	1.0440552234649658	1.4083623886108398	10644.1259765625	
2791.2734375	-0.07338099181652069	2.896503448486328	51.92182540893555	1.237339438375784e-05	1.042934775352478	1.4117070436477661	10644.173828125	
2791.2841796875	-0.07338687777519226	2.8965001106262207	51.91866683959961	0.0	1.0418304204940796	1.4150735139846802	10644.22265625	
2791.3056640625	-0.07346859574317932	2.8964502811431885	51.912254333496094	0.0	1.0396608114242554	1.4218813180923462	10644.32421875	
2791.315673828125	-0.07396334409713745	2.896416187286377	51.90921401977539	0.0	1.038680911064148	1.4250471591949463	10644.37109375	
2791.328125	-0.07414935529232025	2.8963489532470703	51.9055061340332	0.0	1.03750741481781	1.428899884223938	10644.4296875	
2791.34765625	-0.07425545156002045	2.896200656890869	51.899696350097656	0.0	1.0357506275177002	1.434849739074707	10644.521484375	
2791.358642578125	-0.07453768700361252	2.8960983753204346	51.89645004272461	0.0	1.0348020792007446	1.4381412267684937	10644.572265625	
2791.378173828125	-0.07464766502380371	2.8958635330200195	51.89061737060547	0.0	1.0331388711929321	1.4440436363220215	10644.666015625	
2791.390625	-0.0750768780708313	2.8956944942474365	51.88692855834961	0.0	1.032129168510437	1.447714924812317	10644.724609375	
2791.40283203125	-0.07516688853502274	2.8954992294311523	51.88331604003906	0.0	1.0311694145202637	1.4512755870819092	10644.7822265625	
2791.4140625	-0.0753345787525177	2.895308494567871	51.879974365234375	0.0	1.030306100845337	1.4545364379882812	10644.8349609375	
2791.426513671875	-0.07552005350589752	2.895073652267456	51.876285552978516	0.0	1.0293712615966797	1.4581177234649658	10644.89453125	
2791.439697265625	-0.07569945603609085	2.894796371459961	51.87236022949219	0.0	1.028403639793396	1.4618874788284302	10644.9580078125	
2791.44970703125	-0.0759129449725151	2.8945608139038086	51.86933517456055	0.0	1.0276769399642944	1.4647605419158936	10645.0048828125	
2791.4599609375	-0.07612283527851105	2.894317865371704	51.86632537841797	0.0	1.026964783668518	1.4676017761230469	10645.0537109375	
2791.469970703125	-0.07611297070980072	2.8940587043762207	51.86335754394531	0.0	1.0262789726257324	1.470381736755371	10645.1025390625	
2791.48193359375	-0.07631049305200577	2.8937253952026367	51.859825134277344	0.0	1.0254747867584229	1.4736651182174683	10645.1591796875	
2791.494384765625	-0.07646475732326508	2.8933565616607666	51.85615539550781	0.0	1.0246555805206299	1.4770509004592896	10645.2197265625	
2791.506591796875	-0.07664136588573456	2.892967462539673	51.852516174316406	0.0	1.023864984512329	1.4803626537322998	10645.279296875	
2791.526611328125	-0.07685166597366333	2.8922736644744873	51.84658432006836	0.0	1.022607684135437	1.485700011253357	10645.375	
2791.5380859375	-0.07712005078792572	2.891850709915161	51.84321212768555	0.0	1.0219089984893799	1.4886928796768188	10645.4306640625	
2791.56005859375	-0.07712005078792572	2.8909709453582764	51.836727142333984	0.0	1.020609974861145	1.4943751096725464	10645.5390625	
2791.570556640625	-0.07712005078792572	2.8905246257781982	51.83359909057617	0.0	1.020009160041809	1.4970784187316895	10645.5908203125	
2791.5810546875	-0.07712005078792572	2.890076160430908	51.830535888671875	0.0	1.0194393396377563	1.4996964931488037	10645.6416015625	
2791.591064453125	-0.07712005078792572	2.889622926712036	51.82757568359375	0.0	1.0189040899276733	1.5022085905075073	10645.6904296875	
2791.612548828125	-0.07712005078792572	2.8886313438415527	51.821231842041016	0.0	1.0178176164627075	1.507514476776123	10645.7978515625	
2791.624267578125	-0.07712005078792572	2.8880836963653564	51.81781005859375	0.0	1.0172646045684814	1.5103398561477661	10645.85546875	
2791.6357421875	-0.07712005078792572	2.8875327110290527	51.814422607421875	0.0	1.0167447328567505	1.5130994319915771	10645.9130859375	
2791.64794921875	-0.07712005078792572	2.8869450092315674	51.81084442138672	0.0	1.016223669052124	1.5159859657287598	10645.97265625	
2791.659912109375	-0.07712005078792572	2.8863556385040283	51.80732345581055	0.0	1.0157390832901	1.5187922716140747	10646.0322265625	
2791.67138671875	-0.07712005078792572	2.885793924331665	51.80396270751953	0.0	1.0153042078018188	1.5214461088180542	10646.08984375	
2791.69140625	-0.07712005078792572	2.884809970855713	51.79812240600586	0.0	1.0146141052246094	1.5259736776351929	10646.189453125	
2791.703369140625	-0.07712005078792572	2.8842108249664307	51.79456329345703	0.0	1.0142323970794678	1.5286937952041626	10646.2509765625	
2791.72509765625	-0.07712005078792572	2.8831429481506348	51.78826141357422	0.0	1.0136317014694214	1.5334264039993286	10646.3583984375	
2791.745361328125	-0.07712005078792572	2.882143497467041	51.782310485839844	0.0	1.013152837753296	1.5377942323684692	10646.4609375	
2791.755615234375	-0.07712005078792572	2.8816373348236084	51.7793083190918	0.0	1.0129404067993164	1.539962887763977	10646.513671875	
2791.767333984375	-0.07712005078792572	2.881073236465454	51.77592086791992	0.0	1.0127267837524414	1.5423837900161743	10646.572265625	
2791.7783203125	-0.07712005078792572	2.8805408477783203	51.772708892822266	0.0	1.0125491619110107	1.5446492433547974	10646.6279296875	
2791.788818359375	-0.07712005078792572	2.8800337314605713	51.76967239379883	0.0	1.0124009847640991	1.5467638969421387	10646.6806640625	
2791.79931640625	-0.07712005078792572	2.879535436630249	51.76662826538086	0.0	1.012274146080017	1.5488591194152832	10646.734375	
2791.8212890625	-0.07712005078792572	2.878499984741211	51.760292053222656	0.0	1.0120714902877808	1.5531405210494995	10646.845703125	
2791.831298828125	-0.07712005078792572	2.878026247024536	51.7573356628418	0.0	1.01200532913208	1.5550990104675293	10646.8974609375	
2791.843017578125	-0.07712005078792572	2.8774805068969727	51.75392532348633	0.0	1.0119503736495972	1.5573272705078125	10646.95703125	
2791.86474609375	-0.07712005078792572	2.8764870166778564	51.74767303466797	0.0	1.0119075775146484	1.5613350868225098	10647.06640625	
2791.876220703125	-0.07712005078792572	2.875960350036621	51.744319915771484	0.0	1.0119141340255737	1.5634433031082153	10647.1259765625	
2791.8876953125	-0.07712005078792572	2.875438690185547	51.74101257324219	0.0	1.0119401216506958	1.5654873847961426	10647.1845703125	
2791.90869140625	-0.07712005078792572	2.874505043029785	51.73495864868164	0.0	1.0120331048965454	1.5691546201705933	10647.2919921875	
2791.919921875	-0.07712005078792572	2.8740060329437256	51.73174285888672	0.0	1.012107253074646	1.5710601806640625	10647.3486328125	
2791.93017578125	-0.07712005078792572	2.873561382293701	51.72880554199219	0.0	1.0121873617172241	1.5727810859680176	10647.40234375	
2791.95166015625	-0.07712005078792572	2.8726131916046143	51.722591400146484	0.0	1.0123965740203857	1.5763335227966309	10647.5146484375	
2791.962158203125	-0.07712005078792572	2.872159719467163	51.71959686279297	0.0	1.0125162601470947	1.578010082244873	10647.5693359375	
2791.974853515625	-0.07712005078792572	2.871608257293701	51.7159423828125	0.0	1.0126763582229614	1.5800254344940186	10647.634765625	
2791.986083984375	-0.07712005078792572	2.8711178302764893	51.71271896362305	0.0	1.0128304958343506	1.5817703008651733	10647.6923828125	
2791.99755859375	-0.07712005078792572	2.8706319332122803	51.7094841003418	0.0	1.0129969120025635	1.5834920406341553	10647.7509765625	
2792.009033203125	-0.07712005078792572	2.8701372146606445	51.70620346069336	0.0	1.0131762027740479	1.585211157798767	10647.810546875	
2792.0205078125	-0.07712005078792572	2.8696372509002686	51.70292282104492	0.0	1.01336669921875	1.5869015455245972	10647.87109375	
2792.039306640625	-0.07712005078792572	2.8688223361968994	51.697509765625	0.0	1.0137004852294922	1.5896142721176147	10647.96875	
2792.05126953125	-0.07712005078792572	2.8683042526245117	51.694129943847656	0.0	1.013920783996582	1.5912755727767944	10648.0302734375	
2792.0615234375	-0.07712005078792572	2.867859125137329	51.691200256347656	0.0	1.0141181945800781	1.5926852226257324	10648.0849609375	
2792.081787109375	-0.07712005078792572	2.8669662475585938	51.6854133605957	0.0	1.0145251750946045	1.595407247543335	10648.1904296875	
2792.09326171875	-0.07712005078792572	2.866459608078003	51.682125091552734	0.0	1.0147653818130493	1.5969140529632568	10648.2509765625	
2792.112548828125	-0.07720953226089478	2.865598201751709	51.67664337158203	0.0	1.015176773071289	1.599361777305603	10648.3525390625	
2792.123291015625	-0.07720953226089478	2.865116596221924	51.67359924316406	0.0	1.0154073238372803	1.6006883382797241	10648.4091796875	
2792.13525390625	-0.07720953226089478	2.8645665645599365	51.67021942138672	0.0	1.0156666040420532	1.6021312475204468	10648.47265625	
2792.154541015625	-0.07720953226089478	2.863685131072998	51.6647834777832	0.0	1.016089916229248	1.6043869256973267	10648.57421875	
2792.166015625	-0.07720953226089478	2.863135576248169	51.66152572631836	0.0	1.0163456201553345	1.6057066917419434	10648.6357421875	
2792.179443359375	-0.07720953226089478	2.8624916076660156	51.65770721435547	0.0	1.0166449546813965	1.6072145700454712	10648.7060546875	
2792.19189453125	-0.07720953226089478	2.8618927001953125	51.65421676635742	0.0	1.016921043395996	1.60856032371521	10648.771484375	
2792.212646484375	-0.07720953226089478	2.8608641624450684	51.64837646484375	0.0	1.0173853635787964	1.6107410192489624	10648.8798828125	
2792.22314453125	-0.07720953226089478	2.8603367805480957	51.64542007446289	0.0	1.01762056350708	1.6118104457855225	10648.9345703125	
2792.234375	-0.07720953226089478	2.8597538471221924	51.64219284057617	0.0	1.0178771018981934	1.6129511594772339	10648.994140625	
2792.24560546875	-0.07720953226089478	2.859173536300659	51.63908004760742	0.0	1.0181242227554321	1.6140320301055908	10649.052734375	
2792.257080078125	-0.07720953226089478	2.85856556892395	51.63583755493164	0.0	1.0183802843093872	1.6151283979415894	10649.1142578125	
2792.268798828125	-0.07794961333274841	2.857940196990967	51.63260269165039	0.0	1.0186101198196411	1.6161974668502808	10649.1767578125	
2792.2802734375	-0.08278974890708923	2.857217788696289	51.62934112548828	-0.0011288217501714826	1.0186611413955688	1.617246389389038	10649.2373046875	
2792.29248046875	-0.08251369744539261	2.8563477993011475	51.625919342041016	-0.0012919779401272535	1.0186234712600708	1.618321418762207	10649.302734375	
2792.313720703125	-0.08226224035024643	2.854578733444214	51.619956970214844	-0.0015472881495952606	1.0183829069137573	1.6201211214065552	10649.416015625	
2792.32568359375	-0.08192896097898483	2.853472948074341	51.61664962768555	-0.0016717503312975168	1.0181643962860107	1.6210832595825195	10649.4794921875	
2792.345458984375	-0.08172940462827682	2.8514604568481445	51.61115264892578	-0.0018567373044788837	1.0177056789398193	1.622623085975647	10649.583984375	
2792.355712890625	-0.08153024315834045	2.850327730178833	51.608280181884766	-0.001943253562785685	1.0174212455749512	1.6234018802642822	10649.638671875	
2792.365966796875	-0.08143329620361328	2.8491671085357666	51.605438232421875	-0.0020223408937454224	1.01711905002594	1.6241487264633179	10649.693359375	
2792.37744140625	-0.0813259482383728	2.8477914333343506	51.60224151611328	-0.0021046921610832214	1.0167522430419922	1.6249699592590332	10649.7548828125	
2792.396728515625	-0.0812620148062706	2.8453691005706787	51.59684753417969	-0.002230845158919692	1.01609206199646	1.626300573348999	10649.857421875	
2792.416015625	-0.08116816729307175	2.842860460281372	51.59156036376953	-0.002339188940823078	1.0154050588607788	1.627538800239563	10649.958984375	
2792.4267578125	-0.08106216043233871	2.8413939476013184	51.588592529296875	-0.002393043600022793	1.0150057077407837	1.6282075643539429	10650.017578125	
2792.438720703125	-0.08102978020906448	2.839721202850342	51.58527374267578	-0.0024486675392836332	1.0145529508590698	1.6289304494857788	10650.08203125	
2792.45068359375	-0.08100830763578415	2.8380353450775146	51.58200454711914	-0.002499228110536933	1.0141040086746216	1.629617691040039	10650.1455078125	
2792.462158203125	-0.08097255975008011	2.836360216140747	51.578826904296875	-0.0025440375320613384	1.0136688947677612	1.6302615404129028	10650.2060546875	
2792.472412109375	-0.0809754878282547	2.8348476886749268	51.57598876953125	-0.0025813074316829443	1.0132832527160645	1.6308151483535767	10650.259765625	
2792.484619140625	-0.08096428960561752	2.833019733428955	51.5726318359375	-0.0026223505847156048	1.0128265619277954	1.6314496994018555	10650.326171875	
2792.4951171875	-0.0809670090675354	2.8314361572265625	51.56976318359375	-0.002654795767739415	1.0124433040618896	1.6319706439971924	10650.380859375	
2792.506103515625	-0.0809614285826683	2.8297598361968994	51.5667724609375	-0.0026860919315367937	1.0120500326156616	1.632493019104004	10650.439453125	
2792.527587890625	-0.08096790313720703	2.8264119625091553	51.5609016418457	-0.002741248579695821	1.0112965106964111	1.6334606409072876	10650.5546875	
2792.548828125	-0.08102157711982727	2.8230526447296143	51.55512619018555	-0.0027900163549929857	1.0105868577957153	1.6343345642089844	10650.6689453125	
2792.560546875	-0.0810546949505806	2.8211557865142822	51.55192184448242	-0.0028147809207439423	1.0102074146270752	1.6347861289978027	10650.7314453125	
2792.576171875	-0.08106679469347	2.8186559677124023	51.547752380371094	-0.0028444265481084585	1.0097262859344482	1.6353391408920288	10650.8154296875	
2792.58984375	-0.08109456300735474	2.8163909912109375	51.54399871826172	-0.0028687960002571344	1.0093146562576294	1.6358011960983276	10650.890625	
2792.604248046875	-0.08114419877529144	2.8140177726745605	51.54011535644531	-0.002892914693802595	1.008904218673706	1.6362462043762207	10650.9677734375	
2792.61767578125	-0.08117356896400452	2.811779022216797	51.53648376464844	-0.002913819393143058	1.0085405111312866	1.6366301774978638	10651.0400390625	
2792.632080078125	-0.08121102303266525	2.80936598777771	51.532615661621094	-0.0029349164105951786	1.0081710815429688	1.6370062828063965	10651.1171875	
2792.646240234375	-0.0812520757317543	2.807003974914551	51.528846740722656	-0.002954355673864484	1.0078307390213013	1.6373381614685059	10651.193359375	
2792.659912109375	-0.08128893375396729	2.804690361022949	51.52520751953125	-0.0029722328763455153	1.0075196027755737	1.6376283168792725	10651.2666015625	
2792.673828125	-0.08133243769407272	2.802281379699707	51.52143096923828	-0.002990124514326453	1.0072150230407715	1.6378955841064453	10651.3427734375	
2792.689697265625	-0.08138097077608109	2.7995645999908447	51.517215728759766	-0.0030095914844423532	1.0068949460983276	1.638154149055481	10651.4287109375	
2792.70361328125	-0.08142411708831787	2.7971837520599365	51.5135498046875	-0.003025891724973917	1.0066370964050293	1.6383455991744995	10651.5029296875	
2792.717529296875	-0.08146245032548904	2.794766664505005	51.50984573364258	-0.003041852731257677	1.006394624710083	1.6385061740875244	10651.5771484375	
2792.732421875	-0.08150658756494522	2.7921414375305176	51.505863189697266	-0.0030587613582611084	1.0061522722244263	1.6386421918869019	10651.658203125	
2792.74658203125	-0.08155211806297302	2.789691209793091	51.502174377441406	-0.0030742851085960865	1.005945086479187	1.638735055923462	10651.7333984375	
2792.759521484375	-0.08158930391073227	2.7873754501342773	51.498714447021484	-0.003088556695729494	1.00576651096344	1.6387925148010254	10651.8037109375	
2792.77294921875	-0.08162673562765121	2.784989595413208	51.49515914916992	-0.0031030909158289433	1.0055972337722778	1.6388214826583862	10651.8759765625	
2792.786376953125	-0.08166318386793137	2.782597541809082	51.49163055419922	-0.0031174749601632357	1.0054441690444946	1.6388202905654907	10651.9482421875	
2792.80029296875	-0.08169947564601898	2.7801411151885986	51.48802947998047	-0.003132097888737917	1.0053008794784546	1.6387876272201538	10652.0224609375	
2792.81494140625	-0.08173778653144836	2.7774808406829834	51.48414611816406	-0.003147847717627883	1.0051612854003906	1.638716459274292	10652.1025390625	
2792.8291015625	-0.08177323639392853	2.7749454975128174	51.48048400878906	-0.003162696026265621	1.0050444602966309	1.6386160850524902	10652.1787109375	
2792.843505859375	-0.08181093633174896	2.7723283767700195	51.47673416137695	-0.0031780467834323645	1.0049381256103516	1.6384788751602173	10652.2568359375	
2792.85693359375	-0.08184400945901871	2.7698585987091064	51.47321701049805	-0.003192420117557049	1.0048526525497437	1.638319730758667	10652.330078125	
2792.874755859375	-0.0818723663687706	2.7666127681732178	51.4686279296875	-0.003211075207218528	1.004753589630127	1.6380622386932373	10652.42578125	
2792.890869140625	-0.08191881328821182	2.763648509979248	51.46446228027344	-0.0032283759210258722	1.004681944847107	1.6377853155136108	10652.5126953125	
2792.90771484375	-0.08195031434297562	2.760505199432373	51.46009063720703	-0.003246597945690155	1.004622459411621	1.6374465227127075	10652.6044921875	
2792.9228515625	-0.08197972923517227	2.7576711177825928	51.4561767578125	-0.0032628693152219057	1.0045838356018066	1.6371043920516968	10652.6865234375	
2792.938232421875	-0.08200757950544357	2.7548255920410156	51.4522819519043	-0.003279153723269701	1.0045573711395264	1.6367255449295044	10652.7685546875	
2792.9541015625	-0.08200757950544357	2.7518208026885986	51.44819641113281	-0.003295316593721509	1.0045433044433594	1.6362868547439575	10652.853515625	
2792.968505859375	-0.08200757950544357	2.749091625213623	51.44450378417969	-0.0033091495279222727	1.0045439004898071	1.6358561515808105	10652.931640625	
2792.984375	-0.08200757950544357	2.7461118698120117	51.44051742553711	-0.003323463024571538	1.0045582056045532	1.6353490352630615	10653.0166015625	
2792.9990234375	-0.08200757950544357	2.7432916164398193	51.43674850463867	-0.0033363571856170893	1.0045849084854126	1.6348353624343872	10653.095703125	
2793.014892578125	-0.08200757950544357	2.7402687072753906	51.4327392578125	-0.0033495582174509764	1.0046250820159912	1.6342484951019287	10653.1796875	
2793.030517578125	-0.08200757950544357	2.7372829914093018	51.42881774902344	-0.0033620826434344053	1.0046800374984741	1.6336326599121094	10653.263671875	
2793.047607421875	-0.08200757950544357	2.7339799404144287	51.424503326416016	-0.0033754606265574694	1.004753589630127	1.6329079866409302	10653.357421875	
2793.062744140625	-0.08200757950544357	2.73101806640625	51.42066192626953	-0.003387085162103176	1.004833459854126	1.632224202156067	10653.439453125	
2793.078369140625	-0.08200757950544357	2.727999687194824	51.41676330566406	-0.0033986715134233236	1.0049277544021606	1.631492018699646	10653.5224609375	
2793.09375	-0.08200757950544357	2.724989414215088	51.41290283203125	-0.0034100289922207594	1.0050327777862549	1.630727767944336	10653.60546875	
2793.108154296875	-0.08200757950544357	2.7221884727478027	51.409332275390625	-0.003420476336032152	1.0051417350769043	1.6299874782562256	10653.681640625	
2793.123779296875	-0.08200757950544357	2.7191531658172607	51.40547561645508	-0.003431736258789897	1.0052673816680908	1.6291507482528687	10653.7646484375	
2793.138427734375	-0.08200757950544357	2.716228485107422	51.40180206298828	-0.0034425328485667706	1.0053999423980713	1.6283156871795654	10653.84375	
2793.153076171875	-0.08200757950544357	2.713341474533081	51.39817810058594	-0.0034532288555055857	1.0055385828018188	1.627460241317749	10653.921875	
